Page 0 ( offset=00000000 )
  page state   : FULL (0xfc 0xff 0xff 0xff) 
  page seq no. : 0 (0x0 0x0 0x0 0x0) 
  page version : 2 (0xfe) 
  crc32 : 0xb9ba2d84 (offset=0000001c)
  page entry state bitmap (decoded) : 000200000000000000000000000000000000000000000000000000000000000000000000000000000000000000000000000000000000000000000000333333

  Read entries data ( offset = 00000040 ):
  Entry 0 (offset = 00000040)
  Bitmap State : Erased
    Written Entry 0
      NS Index : 0
      Type : U8
      Span : 1
      ChunkIndex : 255
      Key : T4
      Data (U8) : 0x1

  Entry 1 (offset = 00000060)
  Bitmap State : Erased
    Written Entry 1
      NS Index : 1
          NS : T4
      Type : BLOB_DATA
      Span : 16
      ChunkIndex : 0
      Key : data
      Blob Data :
        Size : 452 
        Data :
00000000: A5 5A 00 00 BF E4 00 00  B8 01 00 00 00 01 00 01  .Z..............
00000010: 00 00 00 00 00 00 00 00  00 00 00 00 78 00 00 00  ............x...
00000020: 78 00 00 00 00 00 00 00  65 6E 5F 55 53 00 00 00  x.......en_US...
00000030: 00 00 00 00 00 00 00 00  A0 05 00 00 00 00 00 00  ................
00000040: 00 00 00 00 10 0E 00 00  A8 16 00 00 80 0C 00 00  ................
00000050: 10 0E 00 00 10 0E 00 00  1E 00 00 00 1E 00 00 00  ................
00000060: 0F 00 00 00 1E 00 00 00  32 00 00 00 46 00 00 00  ........2...F...
00000070: 1E 00 00 00 32 00 00 00  46 00 00 00 1E 00 00 00  ....2...F.......
00000080: 32 00 00 00 46 00 00 00  1E 00 00 00 32 00 00 00  2...F.......2...
00000090: 46 00 00 00 1E 00 00 00  32 00 00 00 46 00 00 00  F.......2...F...
000000A0: 01 00 00 00 00 00 00 00  00 00 00 00 00 00 00 00  ................
000000B0: 00 00 00 00 00 00 00 00  00 00 00 00 00 00 00 00  ................
000000C0: 00 00 00 00 00 00 00 00  00 00 00 00 00 00 00 00  ................
000000D0: 00 00 00 00 00 00 00 00  00 00 00 00 00 00 00 00  ................
000000E0: 00 00 00 00 00 00 00 00  00 00 00 00 00 00 00 00  ................
000000F0: 00 00 00 00 00 00 00 00  00 00 00 00 00 00 00 00  ................
00000100: 00 00 00 00 00 00 00 00  00 00 00 00 00 00 00 00  ................
00000110: 00 00 00 00 00 00 00 00  00 00 00 00 00 00 00 00  ................
00000120: 00 00 00 00 00 00 00 00  00 00 00 00 00 00 00 00  ................
00000130: 00 00 00 00 00 00 00 00  00 00 00 00 00 00 00 00  ................
00000140: 00 00 00 00 00 00 00 00  00 00 00 00 00 00 00 00  ................
00000150: 00 00 00 00 00 00 00 00  00 00 00 00 00 00 00 00  ................
00000160: 00 00 00 00 00 00 00 00  00 00 00 00 00 00 00 00  ................
00000170: 00 00 00 00 00 00 00 00  00 00 00 00 00 00 00 00  ................
00000180: 00 00 00 00 00 00 00 00  00 00 00 00 00 00 00 00  ................
00000190: 00 00 00 00 00 00 00 00  00 00 00 00 00 00 00 00  ................
000001A0: 00 00 00 00 00 00 00 00  00 00 00 00 00 00 00 00  ................
000001B0: 00 00 00 00 00 00 00 00  00 00 00 00 00 00 00 00  ................
000001C0: 00 00 00 00                                       ....

  Entry 17 (offset = 00000260)
  Bitmap State : Erased
    Written Entry 17
      NS Index : 1
          NS : T4
      Type : BLOB_IDX
      Span : 1
      ChunkIndex : 255
      Key : data
      Blob IDX :
        Size        : 452 
        Chunk Count : 0 
        Chunk Start  : 255 

  Entry 18 (offset = 00000280)
  Bitmap State : Erased
    Written Entry 18
      NS Index : 1
          NS : T4
      Type : BLOB_DATA
      Span : 16
      ChunkIndex : 0
      Key : data
      Blob Data :
        Size : 452 
        Data :
00000000: A5 5A 00 00 A0 69 00 00  B8 01 00 00 00 01 00 01  .Z...i..........
00000010: 00 00 00 00 00 00 00 00  00 00 00 00 78 00 00 00  ............x...
00000020: 78 00 00 00 00 00 00 00  65 6E 5F 55 53 00 00 00  x.......en_US...
00000030: 00 00 00 00 00 00 00 00  A0 05 00 00 00 00 00 00  ................
00000040: 00 00 00 00 80 0C 00 00  A8 16 00 00 B8 0B 00 00  ................
00000050: 80 0C 00 00 80 0C 00 00  1E 00 00 00 1E 00 00 00  ................
00000060: 0F 00 00 00 1E 00 00 00  32 00 00 00 46 00 00 00  ........2...F...
00000070: 1E 00 00 00 32 00 00 00  46 00 00 00 1E 00 00 00  ....2...F.......
00000080: 32 00 00 00 46 00 00 00  1E 00 00 00 32 00 00 00  2...F.......2...
00000090: 46 00 00 00 1E 00 00 00  32 00 00 00 46 00 00 00  F.......2...F...
000000A0: 01 00 00 00 00 00 00 00  00 00 00 00 00 00 00 00  ................
000000B0: 00 00 00 00 00 00 00 00  00 00 00 00 00 00 00 00  ................
000000C0: 00 00 00 00 00 00 00 00  00 00 00 00 00 00 00 00  ................
000000D0: 00 00 00 00 00 00 00 00  00 00 00 00 00 00 00 00  ................
000000E0: 00 00 00 00 00 00 00 00  00 00 00 00 00 00 00 00  ................
000000F0: 00 00 00 00 00 00 00 00  00 00 00 00 00 00 00 00  ................
00000100: 00 00 00 00 00 00 00 00  00 00 00 00 00 00 00 00  ................
00000110: 00 00 00 00 00 00 00 00  00 00 00 00 00 00 00 00  ................
00000120: 00 00 00 00 00 00 00 00  00 00 00 00 00 00 00 00  ................
00000130: 00 00 00 00 00 00 00 00  00 00 00 00 00 00 00 00  ................
00000140: 00 00 00 00 00 00 00 00  00 00 00 00 00 00 00 00  ................
00000150: 00 00 00 00 00 00 00 00  00 00 00 00 00 00 00 00  ................
00000160: 00 00 00 00 00 00 00 00  00 00 00 00 00 00 00 00  ................
00000170: 00 00 00 00 00 00 00 00  00 00 00 00 00 00 00 00  ................
00000180: 00 00 00 00 00 00 00 00  00 00 00 00 00 00 00 00  ................
00000190: 00 00 00 00 00 00 00 00  00 00 00 00 00 00 00 00  ................
000001A0: 00 00 00 00 00 00 00 00  00 00 00 00 00 00 00 00  ................
000001B0: 00 00 00 00 00 00 00 00  00 00 00 00 00 00 00 00  ................
000001C0: 00 00 00 00                                       ....

  Entry 34 (offset = 00000480)
  Bitmap State : Erased
    Written Entry 34
      NS Index : 1
          NS : T4
      Type : BLOB_IDX
      Span : 1
      ChunkIndex : 255
      Key : data
      Blob IDX :
        Size        : 452 
        Chunk Count : 0 
        Chunk Start  : 255 

  Entry 35 (offset = 000004a0)
  Bitmap State : Erased
    Written Entry 35
      NS Index : 1
          NS : T4
      Type : BLOB_DATA
      Span : 16
      ChunkIndex : 0
      Key : data
      Blob Data :
        Size : 452 
        Data :
00000000: A5 5A 00 00 FB 73 00 00  B8 01 00 00 00 01 00 01  .Z...s..........
00000010: 00 00 00 00 00 00 00 00  00 00 00 00 3C 00 00 00  ............<...
00000020: 78 00 00 00 00 00 00 00  65 6E 5F 55 53 00 00 00  x.......en_US...
00000030: 00 00 00 00 00 00 00 00  A0 05 00 00 00 00 00 00  ................
00000040: 00 00 00 00 80 0C 00 00  A8 16 00 00 B8 0B 00 00  ................
00000050: 80 0C 00 00 80 0C 00 00  1E 00 00 00 1E 00 00 00  ................
00000060: 0F 00 00 00 1E 00 00 00  32 00 00 00 46 00 00 00  ........2...F...
00000070: 1E 00 00 00 32 00 00 00  46 00 00 00 1E 00 00 00  ....2...F.......
00000080: 32 00 00 00 46 00 00 00  1E 00 00 00 32 00 00 00  2...F.......2...
00000090: 46 00 00 00 1E 00 00 00  32 00 00 00 46 00 00 00  F.......2...F...
000000A0: 01 00 00 00 00 00 00 00  00 00 00 00 00 00 00 00  ................
000000B0: 00 00 00 00 00 00 00 00  00 00 00 00 00 00 00 00  ................
000000C0: 00 00 00 00 00 00 00 00  00 00 00 00 00 00 00 00  ................
000000D0: 00 00 00 00 00 00 00 00  00 00 00 00 00 00 00 00  ................
000000E0: 00 00 00 00 00 00 00 00  00 00 00 00 00 00 00 00  ................
000000F0: 00 00 00 00 00 00 00 00  00 00 00 00 00 00 00 00  ................
00000100: 00 00 00 00 00 00 00 00  00 00 00 00 00 00 00 00  ................
00000110: 00 00 00 00 00 00 00 00  00 00 00 00 00 00 00 00  ................
00000120: 00 00 00 00 00 00 00 00  00 00 00 00 00 00 00 00  ................
00000130: 00 00 00 00 00 00 00 00  00 00 00 00 00 00 00 00  ................
00000140: 00 00 00 00 00 00 00 00  00 00 00 00 00 00 00 00  ................
00000150: 00 00 00 00 00 00 00 00  00 00 00 00 00 00 00 00  ................
00000160: 00 00 00 00 00 00 00 00  00 00 00 00 00 00 00 00  ................
00000170: 00 00 00 00 00 00 00 00  00 00 00 00 00 00 00 00  ................
00000180: 00 00 00 00 00 00 00 00  00 00 00 00 00 00 00 00  ................
00000190: 00 00 00 00 00 00 00 00  00 00 00 00 00 00 00 00  ................
000001A0: 00 00 00 00 00 00 00 00  00 00 00 00 00 00 00 00  ................
000001B0: 00 00 00 00 00 00 00 00  00 00 00 00 00 00 00 00  ................
000001C0: 00 00 00 00                                       ....

  Entry 51 (offset = 000006a0)
  Bitmap State : Erased
    Written Entry 51
      NS Index : 1
          NS : T4
      Type : BLOB_IDX
      Span : 1
      ChunkIndex : 255
      Key : data
      Blob IDX :
        Size        : 452 
        Chunk Count : 0 
        Chunk Start  : 255 

  Entry 52 (offset = 000006c0)
  Bitmap State : Erased
    Written Entry 52
      NS Index : 1
          NS : T4
      Type : BLOB_DATA
      Span : 16
      ChunkIndex : 0
      Key : data
      Blob Data :
        Size : 452 
        Data :
00000000: A5 5A 00 00 A0 C0 00 00  B8 01 00 00 00 01 00 01  .Z..............
00000010: 00 00 00 00 00 00 00 00  00 00 00 00 3C 00 00 00  ............<...
00000020: 58 02 00 00 00 00 00 00  65 6E 5F 55 53 00 00 00  X.......en_US...
00000030: 00 00 00 00 00 00 00 00  A0 05 00 00 00 00 00 00  ................
00000040: 00 00 00 00 80 0C 00 00  A8 16 00 00 B8 0B 00 00  ................
00000050: 80 0C 00 00 80 0C 00 00  1E 00 00 00 1E 00 00 00  ................
00000060: 0F 00 00 00 1E 00 00 00  32 00 00 00 46 00 00 00  ........2...F...
00000070: 1E 00 00 00 32 00 00 00  46 00 00 00 1E 00 00 00  ....2...F.......
00000080: 32 00 00 00 46 00 00 00  1E 00 00 00 32 00 00 00  2...F.......2...
00000090: 46 00 00 00 1E 00 00 00  32 00 00 00 46 00 00 00  F.......2...F...
000000A0: 01 00 00 00 00 00 00 00  00 00 00 00 00 00 00 00  ................
000000B0: 00 00 00 00 00 00 00 00  00 00 00 00 00 00 00 00  ................
000000C0: 00 00 00 00 00 00 00 00  00 00 00 00 00 00 00 00  ................
000000D0: 00 00 00 00 00 00 00 00  00 00 00 00 00 00 00 00  ................
000000E0: 00 00 00 00 00 00 00 00  00 00 00 00 00 00 00 00  ................
000000F0: 00 00 00 00 00 00 00 00  00 00 00 00 00 00 00 00  ................
00000100: 00 00 00 00 00 00 00 00  00 00 00 00 00 00 00 00  ................
00000110: 00 00 00 00 00 00 00 00  00 00 00 00 00 00 00 00  ................
00000120: 00 00 00 00 00 00 00 00  00 00 00 00 00 00 00 00  ................
00000130: 00 00 00 00 00 00 00 00  00 00 00 00 00 00 00 00  ................
00000140: 00 00 00 00 00 00 00 00  00 00 00 00 00 00 00 00  ................
00000150: 00 00 00 00 00 00 00 00  00 00 00 00 00 00 00 00  ................
00000160: 00 00 00 00 00 00 00 00  00 00 00 00 00 00 00 00  ................
00000170: 00 00 00 00 00 00 00 00  00 00 00 00 00 00 00 00  ................
00000180: 00 00 00 00 00 00 00 00  00 00 00 00 00 00 00 00  ................
00000190: 00 00 00 00 00 00 00 00  00 00 00 00 00 00 00 00  ................
000001A0: 00 00 00 00 00 00 00 00  00 00 00 00 00 00 00 00  ................
000001B0: 00 00 00 00 00 00 00 00  00 00 00 00 00 00 00 00  ................
000001C0: 00 00 00 00                                       ....

  Entry 68 (offset = 000008c0)
  Bitmap State : Erased
    Written Entry 68
      NS Index : 1
          NS : T4
      Type : BLOB_IDX
      Span : 1
      ChunkIndex : 255
      Key : data
      Blob IDX :
        Size        : 452 
        Chunk Count : 0 
        Chunk Start  : 255 

  Entry 69 (offset = 000008e0)
  Bitmap State : Erased
    Written Entry 69
      NS Index : 1
          NS : T4
      Type : BLOB_DATA
      Span : 16
      ChunkIndex : 0
      Key : data
      Blob Data :
        Size : 452 
        Data :
00000000: A5 5A 00 00 09 6B 00 00  B8 01 00 00 00 01 00 01  .Z...k..........
00000010: 01 00 00 00 00 00 00 00  00 00 00 00 3C 00 00 00  ............<...
00000020: 58 02 00 00 00 00 00 00  65 6E 5F 55 53 00 00 00  X.......en_US...
00000030: 00 00 00 00 00 00 00 00  A0 05 00 00 00 00 00 00  ................
00000040: 00 00 00 00 80 0C 00 00  A8 16 00 00 B8 0B 00 00  ................
00000050: 80 0C 00 00 80 0C 00 00  1E 00 00 00 1E 00 00 00  ................
00000060: 0F 00 00 00 1E 00 00 00  32 00 00 00 46 00 00 00  ........2...F...
00000070: 1E 00 00 00 32 00 00 00  46 00 00 00 1E 00 00 00  ....2...F.......
00000080: 32 00 00 00 46 00 00 00  1E 00 00 00 32 00 00 00  2...F.......2...
00000090: 46 00 00 00 1E 00 00 00  32 00 00 00 46 00 00 00  F.......2...F...
000000A0: 01 00 00 00 00 00 00 00  00 00 00 00 00 00 00 00  ................
000000B0: 00 00 00 00 00 00 00 00  00 00 00 00 00 00 00 00  ................
000000C0: 00 00 00 00 00 00 00 00  00 00 00 00 00 00 00 00  ................
000000D0: 00 00 00 00 00 00 00 00  00 00 00 00 00 00 00 00  ................
000000E0: 00 00 00 00 00 00 00 00  00 00 00 00 00 00 00 00  ................
000000F0: 00 00 00 00 00 00 00 00  00 00 00 00 00 00 00 00  ................
00000100: 00 00 00 00 00 00 00 00  00 00 00 00 00 00 00 00  ................
00000110: 00 00 00 00 00 00 00 00  00 00 00 00 00 00 00 00  ................
00000120: 00 00 00 00 00 00 00 00  00 00 00 00 00 00 00 00  ................
00000130: 00 00 00 00 00 00 00 00  00 00 00 00 00 00 00 00  ................
00000140: 00 00 00 00 00 00 00 00  00 00 00 00 00 00 00 00  ................
00000150: 00 00 00 00 00 00 00 00  00 00 00 00 00 00 00 00  ................
00000160: 00 00 00 00 00 00 00 00  00 00 00 00 00 00 00 00  ................
00000170: 00 00 00 00 00 00 00 00  00 00 00 00 00 00 00 00  ................
00000180: 00 00 00 00 00 00 00 00  00 00 00 00 00 00 00 00  ................
00000190: 00 00 00 00 00 00 00 00  00 00 00 00 00 00 00 00  ................
000001A0: 00 00 00 00 00 00 00 00  00 00 00 00 00 00 00 00  ................
000001B0: 00 00 00 00 00 00 00 00  00 00 00 00 00 00 00 00  ................
000001C0: 00 00 00 00                                       ....

  Entry 85 (offset = 00000ae0)
  Bitmap State : Erased
    Written Entry 85
      NS Index : 1
          NS : T4
      Type : BLOB_IDX
      Span : 1
      ChunkIndex : 255
      Key : data
      Blob IDX :
        Size        : 452 
        Chunk Count : 0 
        Chunk Start  : 255 

  Entry 86 (offset = 00000b00)
  Bitmap State : Erased
    Written Entry 86
      NS Index : 1
          NS : T4
      Type : BLOB_DATA
      Span : 16
      ChunkIndex : 0
      Key : data
      Blob Data :
        Size : 452 
        Data :
00000000: A5 5A 00 00 3B 4B 00 00  B8 01 00 00 00 01 00 01  .Z..;K..........
00000010: 01 00 00 00 00 00 00 00  00 00 00 00 3C 00 00 00  ............<...
00000020: 58 02 00 00 00 00 00 00  65 6E 5F 55 53 00 00 00  X.......en_US...
00000030: 00 00 00 00 00 00 00 00  A0 05 00 00 00 00 00 00  ................
00000040: 00 00 00 00 80 0C 00 00  A8 16 00 00 B8 0B 00 00  ................
00000050: 80 0C 00 00 80 0C 00 00  1E 00 00 00 1E 00 00 00  ................
00000060: 0F 00 00 00 00 00 00 00  00 00 00 00 00 00 00 00  ................
00000070: 28 00 00 00 3C 00 00 00  55 00 00 00 28 00 00 00  (...<...U...(...
00000080: 3C 00 00 00 55 00 00 00  28 00 00 00 3C 00 00 00  <...U...(...<...
00000090: 55 00 00 00 28 00 00 00  3C 00 00 00 55 00 00 00  U...(...<...U...
000000A0: 01 00 00 00 00 00 00 00  00 00 00 00 00 00 00 00  ................
000000B0: 00 00 00 00 00 00 00 00  00 00 00 00 00 00 00 00  ................
000000C0: 00 00 00 00 00 00 00 00  00 00 00 00 00 00 00 00  ................
000000D0: 00 00 00 00 00 00 00 00  00 00 00 00 00 00 00 00  ................
000000E0: 00 00 00 00 00 00 00 00  00 00 00 00 00 00 00 00  ................
000000F0: 00 00 00 00 00 00 00 00  00 00 00 00 00 00 00 00  ................
00000100: 00 00 00 00 00 00 00 00  00 00 00 00 00 00 00 00  ................
00000110: 00 00 00 00 00 00 00 00  00 00 00 00 00 00 00 00  ................
00000120: 00 00 00 00 00 00 00 00  00 00 00 00 00 00 00 00  ................
00000130: 00 00 00 00 00 00 00 00  00 00 00 00 00 00 00 00  ................
00000140: 00 00 00 00 00 00 00 00  00 00 00 00 00 00 00 00  ................
00000150: 00 00 00 00 00 00 00 00  00 00 00 00 00 00 00 00  ................
00000160: 00 00 00 00 00 00 00 00  00 00 00 00 00 00 00 00  ................
00000170: 00 00 00 00 00 00 00 00  00 00 00 00 00 00 00 00  ................
00000180: 00 00 00 00 00 00 00 00  00 00 00 00 00 00 00 00  ................
00000190: 00 00 00 00 00 00 00 00  00 00 00 00 00 00 00 00  ................
000001A0: 00 00 00 00 00 00 00 00  00 00 00 00 00 00 00 00  ................
000001B0: 00 00 00 00 00 00 00 00  00 00 00 00 00 00 00 00  ................
000001C0: 00 00 00 00                                       ....

  Entry 102 (offset = 00000d00)
  Bitmap State : Erased
    Written Entry 102
      NS Index : 1
          NS : T4
      Type : BLOB_IDX
      Span : 1
      ChunkIndex : 255
      Key : data
      Blob IDX :
        Size        : 452 
        Chunk Count : 0 
        Chunk Start  : 255 

  Entry 103 (offset = 00000d20)
  Bitmap State : Erased
    Written Entry 103
      NS Index : 1
          NS : T4
      Type : BLOB_DATA
      Span : 16
      ChunkIndex : 0
      Key : data
      Blob Data :
        Size : 452 
        Data :
00000000: A5 5A 00 00 10 AC 00 00  B8 01 00 00 00 01 00 01  .Z..............
00000010: 01 00 00 00 00 00 00 00  00 00 00 00 3C 00 00 00  ............<...
00000020: 58 02 00 00 00 00 00 00  65 6E 5F 55 53 00 00 00  X.......en_US...
00000030: 00 00 00 00 00 00 00 00  A0 05 00 00 00 00 00 00  ................
00000040: 00 00 00 00 80 0C 00 00  A8 16 00 00 B8 0B 00 00  ................
00000050: 80 0C 00 00 80 0C 00 00  1E 00 00 00 1E 00 00 00  ................
00000060: 0F 00 00 00 00 00 00 00  00 00 00 00 00 00 00 00  ................
00000070: 28 00 00 00 3C 00 00 00  55 00 00 00 28 00 00 00  (...<...U...(...
00000080: 3C 00 00 00 55 00 00 00  28 00 00 00 3C 00 00 00  <...U...(...<...
00000090: 55 00 00 00 28 00 00 00  3C 00 00 00 55 00 00 00  U...(...<...U...
000000A0: 01 00 00 00 00 00 00 00  00 00 00 00 00 00 00 00  ................
000000B0: 00 00 00 00 00 00 00 00  00 00 00 00 00 00 00 00  ................
000000C0: 00 00 00 00 00 00 00 00  00 00 00 00 00 00 00 00  ................
000000D0: 00 00 00 00 00 00 00 00  00 00 00 00 00 00 00 00  ................
000000E0: 00 00 00 00 00 00 00 00  00 00 00 00 00 00 00 00  ................
000000F0: 00 00 00 00 00 00 00 00  00 00 00 00 00 00 00 00  ................
00000100: 00 00 00 00 00 00 00 00  00 00 00 00 00 00 00 00  ................
00000110: 00 00 00 00 00 00 00 00  00 00 00 00 00 00 00 00  ................
00000120: 00 00 00 00 00 00 00 00  00 00 00 00 00 00 00 00  ................
00000130: 00 00 00 00 00 00 00 00  00 00 00 00 00 00 00 00  ................
00000140: 00 00 00 00 00 00 00 00  00 00 00 00 00 00 00 00  ................
00000150: 00 00 00 00 00 00 00 00  00 00 00 00 00 00 00 00  ................
00000160: 00 00 00 00 00 00 00 00  00 00 00 00 00 00 00 00  ................
00000170: 00 00 00 00 00 00 00 00  00 00 00 00 00 00 00 00  ................
00000180: 00 00 00 00 00 00 00 00  00 00 00 00 00 00 00 00  ................
00000190: 00 00 00 00 00 00 00 00  00 00 00 00 EC 2C 19 78  .............,.x
000001A0: 64 05 1E 05 00 00 00 00  00 00 00 00 00 00 00 00  d...............
000001B0: 00 00 00 00 00 00 00 00  00 00 00 00 00 00 00 00  ................
000001C0: 00 00 00 00                                       ....

  Entry 119 (offset = 00000f20)
  Bitmap State : Erased
    Written Entry 119
      NS Index : 1
          NS : T4
      Type : BLOB_IDX
      Span : 1
      ChunkIndex : 255
      Key : data
      Blob IDX :
        Size        : 452 
        Chunk Count : 0 
        Chunk Start  : 255 

  Entry 120 (offset = 00000f40)
  Bitmap State : Empty
  Entry 121 (offset = 00000f60)
  Bitmap State : Empty
  Entry 122 (offset = 00000f80)
  Bitmap State : Empty
  Entry 123 (offset = 00000fa0)
  Bitmap State : Empty
  Entry 124 (offset = 00000fc0)
  Bitmap State : Empty
  Entry 125 (offset = 00000fe0)
  Bitmap State : Empty


------------------------------------------------------------------------------

Page 1 ( offset=00001000 )
  page state   : FULL (0xfc 0xff 0xff 0xff) 
  page seq no. : 7 (0x7 0x0 0x0 0x0) 
  page version : 2 (0xfe) 
  crc32 : 0x88a21af3 (offset=0000101c)
  page entry state bitmap (decoded) : 000000000000000000000000000000000000000000000000000000000000000000000000000000000000000000000000000000000000000033003333333333

  Read entries data ( offset = 00001040 ):
  Entry 0 (offset = 00001040)
  Bitmap State : Erased
    Written Entry 0
      NS Index : 1
          NS : T4
      Type : BLOB_DATA
      Span : 18
      ChunkIndex : 0
      Key : data
      Blob Data :
        Size : 528 
        Data :
00000000: A5 5A 00 00 71 2F 00 00  04 02 00 00 00 01 00 01  .Z..q/..........
00000010: 01 00 00 00 00 01 00 00  00 00 00 00 78 00 00 00  ............x...
00000020: 58 02 00 00 00 00 00 00  65 6E 5F 55 53 00 00 00  X.......en_US...
00000030: 00 00 00 00 00 00 00 00  A0 05 00 00 28 05 00 00  ............(...
00000040: 68 01 00 00 80 0C 00 00  A8 16 00 00 B8 0B 00 00  h...............
00000050: 80 0C 00 00 80 0C 00 00  1E 00 00 00 1E 00 00 00  ................
00000060: 0F 00 00 00 00 00 00 00  00 00 00 00 00 00 00 00  ................
00000070: 28 00 00 00 3C 00 00 00  55 00 00 00 28 00 00 00  (...<...U...(...
00000080: 3C 00 00 00 55 00 00 00  28 00 00 00 3C 00 00 00  <...U...(...<...
00000090: 55 00 00 00 28 00 00 00  3C 00 00 00 55 00 00 00  U...(...<...U...
000000A0: 01 61 34 63 31 33 38 33  38 37 61 66 31 00 00 00  .a4c138387af1...
000000B0: 00 00 00 00 00 00 00 00  0E 00 00 00 32 37 32 31  ............2721
000000C0: 31 32 32 37 4D 31 30 30  35 37 00 00 00 00 00 00  1227M10057......
000000D0: 00 00 00 00 00 00 00 00  00 00 00 00 00 00 00 00  ................
000000E0: 00 00 00 00 00 00 00 00  00 00 00 00 00 00 00 00  ................
000000F0: 00 00 00 00 00 00 00 00  00 00 00 00 09 00 00 00  ................
00000100: 31 30 30 30 34 38 33 38  39 00 00 00 00 00 00 00  100048389.......
00000110: 00 00 00 00 00 00 00 00  00 00 00 00 00 00 00 00  ................
00000120: 00 00 00 00 00 00 00 00  00 00 00 00 00 00 00 00  ................
00000130: 00 00 00 00 00 00 00 00  00 00 00 00 00 00 00 00  ................
00000140: 0C 00 00 00 62 62 31 37  39 63 64 31 64 31 65 35  ....bb179cd1d1e5
00000150: 00 00 00 00 00 00 00 00  00 00 00 00 00 00 00 00  ................
00000160: 00 00 00 00 00 00 00 00  00 00 00 00 00 00 00 00  ................
00000170: 00 00 00 00 00 00 00 00  00 00 00 00 00 00 00 00  ................
00000180: 00 00 00 00 00 00 00 00  00 00 00 00 00 00 00 00  ................
00000190: 00 00 00 00 00 00 00 00  00 00 00 00 EC 2C 19 78  .............,.x
000001A0: 64 05 1E 05 00 00 00 00  00 00 00 00 00 01 00 00  d...............
000001B0: C9 13 00 00 01 00 28 00  08 02 00 00 00 00 00 00  ......(.........
000001C0: 00 00 00 00 00 00 00 00  00 00 00 00 A0 05 00 00  ................
000001D0: 00 00 00 00 00 00 00 00  00 00 00 00 00 00 01 00  ................
000001E0: 00 00 00 00 00 00 00 00  00 00 00 00 00 00 00 00  ................
000001F0: 00 00 00 00 00 00 00 00  00 00 00 00 00 00 00 00  ................
00000200: 00 00 00 00 00 00 00 00  00 00 00 00 00 00 00 00  ................

  Entry 18 (offset = 00001280)
  Bitmap State : Erased
    Written Entry 18
      NS Index : 1
          NS : T4
      Type : BLOB_IDX
      Span : 1
      ChunkIndex : 255
      Key : data
      Blob IDX :
        Size        : 528 
        Chunk Count : 0 
        Chunk Start  : 255 

  Entry 19 (offset = 000012a0)
  Bitmap State : Erased
    Written Entry 19
      NS Index : 1
          NS : T4
      Type : BLOB_DATA
      Span : 18
      ChunkIndex : 0
      Key : data
      Blob Data :
        Size : 528 
        Data :
00000000: A5 5A 00 00 7E E4 00 00  04 02 00 00 00 01 00 01  .Z..~...........
00000010: 01 00 00 00 00 01 00 00  00 00 00 00 78 00 00 00  ............x...
00000020: 58 02 00 00 00 00 00 00  65 6E 5F 55 53 00 00 00  X.......en_US...
00000030: 00 00 00 00 00 00 00 00  A0 05 00 00 28 05 00 00  ............(...
00000040: 68 01 00 00 80 0C 00 00  A8 16 00 00 B8 0B 00 00  h...............
00000050: 80 0C 00 00 80 0C 00 00  1E 00 00 00 1E 00 00 00  ................
00000060: 0F 00 00 00 00 00 00 00  00 00 00 00 00 00 00 00  ................
00000070: 28 00 00 00 3C 00 00 00  55 00 00 00 28 00 00 00  (...<...U...(...
00000080: 3C 00 00 00 55 00 00 00  28 00 00 00 3C 00 00 00  <...U...(...<...
00000090: 55 00 00 00 28 00 00 00  3C 00 00 00 55 00 00 00  U...(...<...U...
000000A0: 01 00 00 00 00 00 00 00  00 00 00 00 00 00 00 00  ................
000000B0: 00 00 00 00 00 00 00 00  00 00 00 00 00 00 00 00  ................
000000C0: 00 00 00 00 00 00 00 00  00 00 00 00 00 00 00 00  ................
000000D0: 00 00 00 00 00 00 00 00  00 00 00 00 00 00 00 00  ................
000000E0: 00 00 00 00 00 00 00 00  00 00 00 00 00 00 00 00  ................
000000F0: 00 00 00 00 00 00 00 00  00 00 00 00 00 00 00 00  ................
00000100: 00 00 00 00 00 00 00 00  00 00 00 00 00 00 00 00  ................
00000110: 00 00 00 00 00 00 00 00  00 00 00 00 00 00 00 00  ................
00000120: 00 00 00 00 00 00 00 00  00 00 00 00 00 00 00 00  ................
00000130: 00 00 00 00 00 00 00 00  00 00 00 00 00 00 00 00  ................
00000140: 00 00 00 00 00 00 00 00  00 00 00 00 00 00 00 00  ................
00000150: 00 00 00 00 00 00 00 00  00 00 00 00 00 00 00 00  ................
00000160: 00 00 00 00 00 00 00 00  00 00 00 00 00 00 00 00  ................
00000170: 00 00 00 00 00 00 00 00  00 00 00 00 00 00 00 00  ................
00000180: 00 00 00 00 00 00 00 00  00 00 00 00 00 00 00 00  ................
00000190: 00 00 00 00 00 00 00 00  00 00 00 00 EC 2C 19 78  .............,.x
000001A0: 64 05 1E 05 00 00 00 00  00 00 00 00 00 01 00 00  d...............
000001B0: C9 13 00 00 01 00 28 00  08 02 00 00 00 00 00 00  ......(.........
000001C0: 00 00 00 00 00 00 00 00  00 00 00 00 A0 05 00 00  ................
000001D0: 00 00 00 00 00 00 00 00  00 00 00 00 00 00 01 00  ................
000001E0: 00 00 00 00 00 00 00 00  00 00 00 00 00 00 00 00  ................
000001F0: 00 00 00 00 00 00 00 00  00 00 00 00 00 00 00 00  ................
00000200: 00 00 00 00 00 00 00 00  00 00 00 00 00 00 00 00  ................

  Entry 37 (offset = 000014e0)
  Bitmap State : Erased
    Written Entry 37
      NS Index : 1
          NS : T4
      Type : BLOB_IDX
      Span : 1
      ChunkIndex : 255
      Key : data
      Blob IDX :
        Size        : 528 
        Chunk Count : 0 
        Chunk Start  : 255 

  Entry 38 (offset = 00001500)
  Bitmap State : Erased
    Written Entry 38
      NS Index : 1
          NS : T4
      Type : BLOB_DATA
      Span : 18
      ChunkIndex : 0
      Key : data
      Blob Data :
        Size : 528 
        Data :
00000000: A5 5A 00 00 3E 1A 00 00  04 02 00 00 00 01 00 01  .Z..>...........
00000010: 01 00 00 00 00 01 00 00  00 00 00 00 78 00 00 00  ............x...
00000020: 58 02 00 00 00 00 00 00  65 6E 5F 55 53 00 00 00  X.......en_US...
00000030: 00 00 00 00 00 00 00 00  A0 05 00 00 28 05 00 00  ............(...
00000040: 68 01 00 00 80 0C 00 00  A8 16 00 00 B8 0B 00 00  h...............
00000050: 80 0C 00 00 80 0C 00 00  1E 00 00 00 1E 00 00 00  ................
00000060: 0F 00 00 00 00 00 00 00  00 00 00 00 00 00 00 00  ................
00000070: 28 00 00 00 3C 00 00 00  55 00 00 00 28 00 00 00  (...<...U...(...
00000080: 3C 00 00 00 55 00 00 00  28 00 00 00 3C 00 00 00  <...U...(...<...
00000090: 55 00 00 00 28 00 00 00  3C 00 00 00 55 00 00 00  U...(...<...U...
000000A0: 01 00 00 00 00 00 00 00  00 00 00 00 00 00 00 00  ................
000000B0: 00 00 00 00 00 00 00 00  00 00 00 00 00 00 00 00  ................
000000C0: 00 00 00 00 00 00 00 00  00 00 00 00 00 00 00 00  ................
000000D0: 00 00 00 00 00 00 00 00  00 00 00 00 00 00 00 00  ................
000000E0: 00 00 00 00 00 00 00 00  00 00 00 00 00 00 00 00  ................
000000F0: 00 00 00 00 00 00 00 00  00 00 00 00 00 00 00 00  ................
00000100: 00 00 00 00 00 00 00 00  00 00 00 00 00 00 00 00  ................
00000110: 00 00 00 00 00 00 00 00  00 00 00 00 00 00 00 00  ................
00000120: 00 00 00 00 00 00 00 00  00 00 00 00 00 00 00 00  ................
00000130: 00 00 00 00 00 00 00 00  00 00 00 00 00 00 00 00  ................
00000140: 00 00 00 00 00 00 00 00  00 00 00 00 00 00 00 00  ................
00000150: 00 00 00 00 00 00 00 00  00 00 00 00 00 00 00 00  ................
00000160: 00 00 00 00 00 00 00 00  00 00 00 00 00 00 00 00  ................
00000170: 00 00 00 00 00 00 00 00  00 00 00 00 00 00 00 00  ................
00000180: 00 00 00 00 00 00 00 00  00 00 00 00 00 00 00 00  ................
00000190: 00 00 00 00 00 00 00 00  00 00 00 00 EC 2C 19 78  .............,.x
000001A0: 64 05 1E 05 00 00 00 00  00 00 00 00 00 01 00 00  d...............
000001B0: C9 13 00 00 01 00 28 05  68 01 00 00 00 00 00 00  ......(.h.......
000001C0: 00 00 00 00 00 00 00 00  00 00 00 00 A0 05 00 00  ................
000001D0: 00 00 00 00 00 00 00 00  00 00 00 00 00 00 01 00  ................
000001E0: 00 00 00 00 00 00 00 00  00 00 00 00 00 00 00 00  ................
000001F0: 00 00 00 00 00 00 00 00  00 00 00 00 00 00 00 00  ................
00000200: 00 00 00 00 00 00 00 00  00 00 00 00 00 00 00 00  ................

  Entry 56 (offset = 00001740)
  Bitmap State : Erased
    Written Entry 56
      NS Index : 1
          NS : T4
      Type : BLOB_IDX
      Span : 1
      ChunkIndex : 255
      Key : data
      Blob IDX :
        Size        : 528 
        Chunk Count : 0 
        Chunk Start  : 255 

  Entry 57 (offset = 00001760)
  Bitmap State : Erased
    Written Entry 57
      NS Index : 1
          NS : T4
      Type : BLOB_DATA
      Span : 18
      ChunkIndex : 0
      Key : data
      Blob Data :
        Size : 528 
        Data :
00000000: A5 5A 00 00 CA 53 00 00  04 02 00 00 00 01 00 01  .Z...S..........
00000010: 01 00 00 00 00 01 00 00  00 00 00 00 3C 00 00 00  ............<...
00000020: 58 02 00 00 00 00 00 00  65 6E 5F 55 53 00 00 00  X.......en_US...
00000030: 00 00 00 00 00 00 00 00  A0 05 00 00 28 05 00 00  ............(...
00000040: 68 01 00 00 80 0C 00 00  A8 16 00 00 B8 0B 00 00  h...............
00000050: 80 0C 00 00 80 0C 00 00  1E 00 00 00 1E 00 00 00  ................
00000060: 0F 00 00 00 00 00 00 00  00 00 00 00 00 00 00 00  ................
00000070: 28 00 00 00 3C 00 00 00  55 00 00 00 28 00 00 00  (...<...U...(...
00000080: 3C 00 00 00 55 00 00 00  28 00 00 00 3C 00 00 00  <...U...(...<...
00000090: 55 00 00 00 28 00 00 00  3C 00 00 00 55 00 00 00  U...(...<...U...
000000A0: 01 00 00 00 00 00 00 00  00 00 00 00 00 00 00 00  ................
000000B0: 00 00 00 00 00 00 00 00  00 00 00 00 00 00 00 00  ................
000000C0: 00 00 00 00 00 00 00 00  00 00 00 00 00 00 00 00  ................
000000D0: 00 00 00 00 00 00 00 00  00 00 00 00 00 00 00 00  ................
000000E0: 00 00 00 00 00 00 00 00  00 00 00 00 00 00 00 00  ................
000000F0: 00 00 00 00 00 00 00 00  00 00 00 00 00 00 00 00  ................
00000100: 00 00 00 00 00 00 00 00  00 00 00 00 00 00 00 00  ................
00000110: 00 00 00 00 00 00 00 00  00 00 00 00 00 00 00 00  ................
00000120: 00 00 00 00 00 00 00 00  00 00 00 00 00 00 00 00  ................
00000130: 00 00 00 00 00 00 00 00  00 00 00 00 00 00 00 00  ................
00000140: 00 00 00 00 00 00 00 00  00 00 00 00 00 00 00 00  ................
00000150: 00 00 00 00 00 00 00 00  00 00 00 00 00 00 00 00  ................
00000160: 00 00 00 00 00 00 00 00  00 00 00 00 00 00 00 00  ................
00000170: 00 00 00 00 00 00 00 00  00 00 00 00 00 00 00 00  ................
00000180: 00 00 00 00 00 00 00 00  00 00 00 00 00 00 00 00  ................
00000190: 00 00 00 00 00 00 00 00  00 00 00 00 EC 2C 19 78  .............,.x
000001A0: 64 05 1E 05 00 00 00 00  00 00 00 00 00 01 00 00  d...............
000001B0: C9 13 00 00 01 00 28 05  68 01 00 00 00 00 00 00  ......(.h.......
000001C0: 00 00 00 00 00 00 00 00  00 00 00 00 A0 05 00 00  ................
000001D0: 00 00 00 00 00 00 00 00  00 00 00 00 00 00 01 00  ................
000001E0: 00 00 00 00 00 00 00 00  00 00 00 00 00 00 00 00  ................
000001F0: 00 00 00 00 00 00 00 00  00 00 00 00 00 00 00 00  ................
00000200: 00 00 00 00 00 00 00 00  00 00 00 00 00 00 00 00  ................

  Entry 75 (offset = 000019a0)
  Bitmap State : Erased
    Written Entry 75
      NS Index : 1
          NS : T4
      Type : BLOB_IDX
      Span : 1
      ChunkIndex : 255
      Key : data
      Blob IDX :
        Size        : 528 
        Chunk Count : 0 
        Chunk Start  : 255 

  Entry 76 (offset = 000019c0)
  Bitmap State : Erased
    Written Entry 76
      NS Index : 1
          NS : T4
      Type : BLOB_DATA
      Span : 18
      ChunkIndex : 0
      Key : data
      Blob Data :
        Size : 528 
        Data :
00000000: A5 5A 00 00 72 F6 00 00  04 02 00 00 00 01 00 01  .Z..r...........
00000010: 01 00 00 00 00 01 00 00  00 00 00 00 3C 00 00 00  ............<...
00000020: 58 02 00 00 00 00 00 00  65 6E 5F 55 53 00 00 00  X.......en_US...
00000030: 00 00 00 00 00 00 00 00  A0 05 00 00 8C 05 00 00  ................
00000040: CC 01 00 00 80 0C 00 00  A8 16 00 00 B8 0B 00 00  ................
00000050: 80 0C 00 00 80 0C 00 00  1E 00 00 00 1E 00 00 00  ................
00000060: 0F 00 00 00 00 00 00 00  00 00 00 00 00 00 00 00  ................
00000070: 28 00 00 00 3C 00 00 00  55 00 00 00 28 00 00 00  (...<...U...(...
00000080: 3C 00 00 00 55 00 00 00  28 00 00 00 3C 00 00 00  <...U...(...<...
00000090: 55 00 00 00 28 00 00 00  3C 00 00 00 55 00 00 00  U...(...<...U...
000000A0: 01 00 00 00 00 00 00 00  00 00 00 00 00 00 00 00  ................
000000B0: 00 00 00 00 00 00 00 00  00 00 00 00 00 00 00 00  ................
000000C0: 00 00 00 00 00 00 00 00  00 00 00 00 00 00 00 00  ................
000000D0: 00 00 00 00 00 00 00 00  00 00 00 00 00 00 00 00  ................
000000E0: 00 00 00 00 00 00 00 00  00 00 00 00 00 00 00 00  ................
000000F0: 00 00 00 00 00 00 00 00  00 00 00 00 00 00 00 00  ................
00000100: 00 00 00 00 00 00 00 00  00 00 00 00 00 00 00 00  ................
00000110: 00 00 00 00 00 00 00 00  00 00 00 00 00 00 00 00  ................
00000120: 00 00 00 00 00 00 00 00  00 00 00 00 00 00 00 00  ................
00000130: 00 00 00 00 00 00 00 00  00 00 00 00 00 00 00 00  ................
00000140: 00 00 00 00 00 00 00 00  00 00 00 00 00 00 00 00  ................
00000150: 00 00 00 00 00 00 00 00  00 00 00 00 00 00 00 00  ................
00000160: 00 00 00 00 00 00 00 00  00 00 00 00 00 00 00 00  ................
00000170: 00 00 00 00 00 00 00 00  00 00 00 00 00 00 00 00  ................
00000180: 00 00 00 00 00 00 00 00  00 00 00 00 00 00 00 00  ................
00000190: 00 00 00 00 00 00 00 00  00 00 00 00 EC 2C 19 78  .............,.x
000001A0: 64 05 1E 05 00 00 00 00  00 00 00 00 00 01 00 00  d...............
000001B0: C9 13 00 00 01 00 28 05  68 01 00 00 00 00 00 00  ......(.h.......
000001C0: 00 00 00 00 00 00 00 00  00 00 00 00 A0 05 00 00  ................
000001D0: 00 00 00 00 00 00 00 00  00 00 00 00 00 00 01 00  ................
000001E0: 00 00 00 00 00 00 00 00  00 00 00 00 00 00 00 00  ................
000001F0: 00 00 00 00 00 00 00 00  00 00 00 00 00 00 00 00  ................
00000200: 00 00 00 00 00 00 00 00  00 00 00 00 00 00 00 00  ................

  Entry 94 (offset = 00001c00)
  Bitmap State : Erased
    Written Entry 94
      NS Index : 1
          NS : T4
      Type : BLOB_IDX
      Span : 1
      ChunkIndex : 255
      Key : data
      Blob IDX :
        Size        : 528 
        Chunk Count : 0 
        Chunk Start  : 255 

  Entry 95 (offset = 00001c20)
  Bitmap State : Erased
    Written Entry 95
      NS Index : 1
          NS : T4
      Type : BLOB_DATA
      Span : 18
      ChunkIndex : 0
      Key : data
      Blob Data :
        Size : 528 
        Data :
00000000: A5 5A 00 00 1F 73 00 00  04 02 00 00 00 01 00 01  .Z...s..........
00000010: 01 00 00 00 00 01 00 00  00 00 00 00 3C 00 00 00  ............<...
00000020: 58 02 00 00 00 00 00 00  65 6E 5F 55 53 00 00 00  X.......en_US...
00000030: 00 00 00 00 00 00 00 00  A0 05 00 00 8C 05 00 00  ................
00000040: CC 01 00 00 80 0C 00 00  A8 16 00 00 B8 0B 00 00  ................
00000050: 80 0C 00 00 80 0C 00 00  1E 00 00 00 1E 00 00 00  ................
00000060: 0F 00 00 00 00 00 00 00  00 00 00 00 00 00 00 00  ................
00000070: 28 00 00 00 3C 00 00 00  55 00 00 00 28 00 00 00  (...<...U...(...
00000080: 3C 00 00 00 55 00 00 00  28 00 00 00 3C 00 00 00  <...U...(...<...
00000090: 55 00 00 00 28 00 00 00  3C 00 00 00 55 00 00 00  U...(...<...U...
000000A0: 01 00 00 00 00 00 00 00  00 00 00 00 00 00 00 00  ................
000000B0: 00 00 00 00 00 00 00 00  00 00 00 00 00 00 00 00  ................
000000C0: 00 00 00 00 00 00 00 00  00 00 00 00 00 00 00 00  ................
000000D0: 00 00 00 00 00 00 00 00  00 00 00 00 00 00 00 00  ................
000000E0: 00 00 00 00 00 00 00 00  00 00 00 00 00 00 00 00  ................
000000F0: 00 00 00 00 00 00 00 00  00 00 00 00 00 00 00 00  ................
00000100: 00 00 00 00 00 00 00 00  00 00 00 00 00 00 00 00  ................
00000110: 00 00 00 00 00 00 00 00  00 00 00 00 00 00 00 00  ................
00000120: 00 00 00 00 00 00 00 00  00 00 00 00 00 00 00 00  ................
00000130: 00 00 00 00 00 00 00 00  00 00 00 00 00 00 00 00  ................
00000140: 00 00 00 00 00 00 00 00  00 00 00 00 00 00 00 00  ................
00000150: 00 00 00 00 00 00 00 00  00 00 00 00 00 00 00 00  ................
00000160: 00 00 00 00 00 00 00 00  00 00 00 00 00 00 00 00  ................
00000170: 00 00 00 00 00 00 00 00  00 00 00 00 00 00 00 00  ................
00000180: 00 00 00 00 00 00 00 00  00 00 00 00 00 00 00 00  ................
00000190: 00 00 00 00 00 00 00 00  00 00 00 00 EC 2C 19 78  .............,.x
000001A0: 64 05 1E 05 00 00 00 00  00 00 00 00 00 01 00 00  d...............
000001B0: C9 13 00 00 01 00 8C 05  CC 01 00 00 00 00 00 00  ................
000001C0: 00 00 00 00 00 00 00 00  00 00 00 00 A0 05 00 00  ................
000001D0: 00 00 00 00 00 00 00 00  00 00 00 00 00 00 01 00  ................
000001E0: 00 00 00 00 00 00 00 00  00 00 00 00 00 00 00 00  ................
000001F0: 00 00 00 00 00 00 00 00  00 00 00 00 00 00 00 00  ................
00000200: 00 00 00 00 00 00 00 00  00 00 00 00 00 00 00 00  ................

  Entry 113 (offset = 00001e60)
  Bitmap State : Empty
    Written Entry 113
      NS Index : 1
          NS : T4
      Type : BLOB_IDX
      Span : 1
      ChunkIndex : 255
      Key : data
      Blob IDX :
        Size        : 528 
        Chunk Count : 0 
        Chunk Start  : 255 

  Entry 114 (offset = 00001e80)
  Bitmap State : Erased
  Entry 115 (offset = 00001ea0)
  Bitmap State : Erased
  Entry 116 (offset = 00001ec0)
  Bitmap State : Empty
  Entry 117 (offset = 00001ee0)
  Bitmap State : Empty
  Entry 118 (offset = 00001f00)
  Bitmap State : Empty
  Entry 119 (offset = 00001f20)
  Bitmap State : Empty
  Entry 120 (offset = 00001f40)
  Bitmap State : Empty
  Entry 121 (offset = 00001f60)
  Bitmap State : Empty
  Entry 122 (offset = 00001f80)
  Bitmap State : Empty
  Entry 123 (offset = 00001fa0)
  Bitmap State : Empty
  Entry 124 (offset = 00001fc0)
  Bitmap State : Empty
  Entry 125 (offset = 00001fe0)
  Bitmap State : Empty


------------------------------------------------------------------------------

Page 2 ( offset=00002000 )
  page state   : ACTIVE (0xfe 0xff 0xff 0xff) 
  page seq no. : 8 (0x8 0x0 0x0 0x0) 
  page version : 2 (0xfe) 
  crc32 : 0x6bb7113a (offset=0000201c)
  page entry state bitmap (decoded) : 222222222222222232223333333333333333333333333333333333333333333333333333333333333333333333333333333333333333333333333333333333

  Read entries data ( offset = 00002040 ):
  Entry 0 (offset = 00002040)
  Bitmap State : Written
    Written Entry 0
      NS Index : 1
          NS : T4
      Type : BLOB_DATA
      Span : 18
      ChunkIndex : 0
      Key : data
      Blob Data :
        Size : 528 
        Data :
00000000: A5 5A 00 00 A6 32 00 00  04 02 00 00 00 01 01 01  .Z...2..........
00000010: 01 00 00 00 00 01 00 00  00 00 00 00 3C 00 00 00  ............<...
00000020: 58 02 00 00 00 00 00 00  65 6E 5F 55 53 00 00 00  X.......en_US...
00000030: 00 00 00 00 00 00 00 00  A0 05 00 00 8C 05 00 00  ................
00000040: CC 01 00 00 80 0C 00 00  A8 16 00 00 B8 0B 00 00  ................
00000050: 80 0C 00 00 80 0C 00 00  1E 00 00 00 1E 00 00 00  ................
00000060: 0F 00 00 00 00 00 00 00  00 00 00 00 00 00 00 00  ................
00000070: 28 00 00 00 3C 00 00 00  55 00 00 00 28 00 00 00  (...<...U...(...
00000080: 3C 00 00 00 55 00 00 00  28 00 00 00 3C 00 00 00  <...U...(...<...
00000090: 55 00 00 00 28 00 00 00  3C 00 00 00 55 00 00 00  U...(...<...U...
000000A0: 01 00 00 00 00 00 00 00  00 00 00 00 00 00 00 00  ................
000000B0: 00 00 00 00 00 00 00 00  00 00 00 00 00 00 00 00  ................
000000C0: 00 00 00 00 00 00 00 00  00 00 00 00 00 00 00 00  ................
000000D0: 00 00 00 00 00 00 00 00  00 00 00 00 00 00 00 00  ................
000000E0: 00 00 00 00 00 00 00 00  00 00 00 00 00 00 00 00  ................
000000F0: 00 00 00 00 00 00 00 00  00 00 00 00 00 00 00 00  ................
00000100: 00 00 00 00 00 00 00 00  00 00 00 00 00 00 00 00  ................
00000110: 00 00 00 00 00 00 00 00  00 00 00 00 00 00 00 00  ................
00000120: 00 00 00 00 00 00 00 00  00 00 00 00 00 00 00 00  ................
00000130: 00 00 00 00 00 00 00 00  00 00 00 00 00 00 00 00  ................
00000140: 00 00 00 00 00 00 00 00  00 00 00 00 00 00 00 00  ................
00000150: 00 00 00 00 00 00 00 00  00 00 00 00 00 00 00 00  ................
00000160: 00 00 00 00 00 00 00 00  00 00 00 00 00 00 00 00  ................
00000170: 00 00 00 00 00 00 00 00  00 00 00 00 00 00 00 00  ................
00000180: 00 00 00 00 00 00 00 00  00 00 00 00 00 00 00 00  ................
00000190: 00 00 00 00 00 00 00 00  00 00 00 00 EC 2C 19 78  .............,.x
000001A0: 64 05 1E 05 00 00 00 00  00 00 00 00 00 01 00 00  d...............
000001B0: C9 13 00 00 01 00 8C 05  CC 01 00 00 00 00 00 00  ................
000001C0: 00 00 00 00 00 00 00 00  00 00 00 00 A0 05 00 00  ................
000001D0: 00 00 00 00 00 00 00 00  00 00 00 00 00 00 01 00  ................
000001E0: 00 00 00 00 00 00 00 00  00 00 00 00 00 00 00 00  ................
000001F0: 00 00 00 00 00 00 00 00  00 00 00 00 00 00 00 00  ................
00000200: 00 00 00 00 00 00 00 00  00 00 00 00 00 00 00 00  ................

  Entry 18 (offset = 00002280)
  Bitmap State : Written
    Written Entry 18
      NS Index : 1
          NS : T4
      Type : BLOB_IDX
      Span : 1
      ChunkIndex : 255
      Key : data
      Blob IDX :
        Size        : 528 
        Chunk Count : 0 
        Chunk Start  : 255 

  Entry 19 (offset = 000022a0)
  Bitmap State : Written
  Entry 20 (offset = 000022c0)
  Bitmap State : Empty
  Entry 21 (offset = 000022e0)
  Bitmap State : Empty
  Entry 22 (offset = 00002300)
  Bitmap State : Empty
  Entry 23 (offset = 00002320)
  Bitmap State : Empty
  Entry 24 (offset = 00002340)
  Bitmap State : Empty
  Entry 25 (offset = 00002360)
  Bitmap State : Empty
  Entry 26 (offset = 00002380)
  Bitmap State : Empty
  Entry 27 (offset = 000023a0)
  Bitmap State : Empty
  Entry 28 (offset = 000023c0)
  Bitmap State : Empty
  Entry 29 (offset = 000023e0)
  Bitmap State : Empty
  Entry 30 (offset = 00002400)
  Bitmap State : Empty
  Entry 31 (offset = 00002420)
  Bitmap State : Empty
  Entry 32 (offset = 00002440)
  Bitmap State : Empty
  Entry 33 (offset = 00002460)
  Bitmap State : Empty
  Entry 34 (offset = 00002480)
  Bitmap State : Empty
  Entry 35 (offset = 000024a0)
  Bitmap State : Empty
  Entry 36 (offset = 000024c0)
  Bitmap State : Empty
  Entry 37 (offset = 000024e0)
  Bitmap State : Empty
  Entry 38 (offset = 00002500)
  Bitmap State : Empty
  Entry 39 (offset = 00002520)
  Bitmap State : Empty
  Entry 40 (offset = 00002540)
  Bitmap State : Empty
  Entry 41 (offset = 00002560)
  Bitmap State : Empty
  Entry 42 (offset = 00002580)
  Bitmap State : Empty
  Entry 43 (offset = 000025a0)
  Bitmap State : Empty
  Entry 44 (offset = 000025c0)
  Bitmap State : Empty
  Entry 45 (offset = 000025e0)
  Bitmap State : Empty
  Entry 46 (offset = 00002600)
  Bitmap State : Empty
  Entry 47 (offset = 00002620)
  Bitmap State : Empty
  Entry 48 (offset = 00002640)
  Bitmap State : Empty
  Entry 49 (offset = 00002660)
  Bitmap State : Empty
  Entry 50 (offset = 00002680)
  Bitmap State : Empty
  Entry 51 (offset = 000026a0)
  Bitmap State : Empty
  Entry 52 (offset = 000026c0)
  Bitmap State : Empty
  Entry 53 (offset = 000026e0)
  Bitmap State : Empty
  Entry 54 (offset = 00002700)
  Bitmap State : Empty
  Entry 55 (offset = 00002720)
  Bitmap State : Empty
  Entry 56 (offset = 00002740)
  Bitmap State : Empty
  Entry 57 (offset = 00002760)
  Bitmap State : Empty
  Entry 58 (offset = 00002780)
  Bitmap State : Empty
  Entry 59 (offset = 000027a0)
  Bitmap State : Empty
  Entry 60 (offset = 000027c0)
  Bitmap State : Empty
  Entry 61 (offset = 000027e0)
  Bitmap State : Empty
  Entry 62 (offset = 00002800)
  Bitmap State : Empty
  Entry 63 (offset = 00002820)
  Bitmap State : Empty
  Entry 64 (offset = 00002840)
  Bitmap State : Empty
  Entry 65 (offset = 00002860)
  Bitmap State : Empty
  Entry 66 (offset = 00002880)
  Bitmap State : Empty
  Entry 67 (offset = 000028a0)
  Bitmap State : Empty
  Entry 68 (offset = 000028c0)
  Bitmap State : Empty
  Entry 69 (offset = 000028e0)
  Bitmap State : Empty
  Entry 70 (offset = 00002900)
  Bitmap State : Empty
  Entry 71 (offset = 00002920)
  Bitmap State : Empty
  Entry 72 (offset = 00002940)
  Bitmap State : Empty
  Entry 73 (offset = 00002960)
  Bitmap State : Empty
  Entry 74 (offset = 00002980)
  Bitmap State : Empty
  Entry 75 (offset = 000029a0)
  Bitmap State : Empty
  Entry 76 (offset = 000029c0)
  Bitmap State : Empty
  Entry 77 (offset = 000029e0)
  Bitmap State : Empty
  Entry 78 (offset = 00002a00)
  Bitmap State : Empty
  Entry 79 (offset = 00002a20)
  Bitmap State : Empty
  Entry 80 (offset = 00002a40)
  Bitmap State : Empty
  Entry 81 (offset = 00002a60)
  Bitmap State : Empty
  Entry 82 (offset = 00002a80)
  Bitmap State : Empty
  Entry 83 (offset = 00002aa0)
  Bitmap State : Empty
  Entry 84 (offset = 00002ac0)
  Bitmap State : Empty
  Entry 85 (offset = 00002ae0)
  Bitmap State : Empty
  Entry 86 (offset = 00002b00)
  Bitmap State : Empty
  Entry 87 (offset = 00002b20)
  Bitmap State : Empty
  Entry 88 (offset = 00002b40)
  Bitmap State : Empty
  Entry 89 (offset = 00002b60)
  Bitmap State : Empty
  Entry 90 (offset = 00002b80)
  Bitmap State : Empty
  Entry 91 (offset = 00002ba0)
  Bitmap State : Empty
  Entry 92 (offset = 00002bc0)
  Bitmap State : Empty
  Entry 93 (offset = 00002be0)
  Bitmap State : Empty
  Entry 94 (offset = 00002c00)
  Bitmap State : Empty
  Entry 95 (offset = 00002c20)
  Bitmap State : Empty
  Entry 96 (offset = 00002c40)
  Bitmap State : Empty
  Entry 97 (offset = 00002c60)
  Bitmap State : Empty
  Entry 98 (offset = 00002c80)
  Bitmap State : Empty
  Entry 99 (offset = 00002ca0)
  Bitmap State : Empty
  Entry 100 (offset = 00002cc0)
  Bitmap State : Empty
  Entry 101 (offset = 00002ce0)
  Bitmap State : Empty
  Entry 102 (offset = 00002d00)
  Bitmap State : Empty
  Entry 103 (offset = 00002d20)
  Bitmap State : Empty
  Entry 104 (offset = 00002d40)
  Bitmap State : Empty
  Entry 105 (offset = 00002d60)
  Bitmap State : Empty
  Entry 106 (offset = 00002d80)
  Bitmap State : Empty
  Entry 107 (offset = 00002da0)
  Bitmap State : Empty
  Entry 108 (offset = 00002dc0)
  Bitmap State : Empty
  Entry 109 (offset = 00002de0)
  Bitmap State : Empty
  Entry 110 (offset = 00002e00)
  Bitmap State : Empty
  Entry 111 (offset = 00002e20)
  Bitmap State : Empty
  Entry 112 (offset = 00002e40)
  Bitmap State : Empty
  Entry 113 (offset = 00002e60)
  Bitmap State : Empty
  Entry 114 (offset = 00002e80)
  Bitmap State : Empty
  Entry 115 (offset = 00002ea0)
  Bitmap State : Empty
  Entry 116 (offset = 00002ec0)
  Bitmap State : Empty
  Entry 117 (offset = 00002ee0)
  Bitmap State : Empty
  Entry 118 (offset = 00002f00)
  Bitmap State : Empty
  Entry 119 (offset = 00002f20)
  Bitmap State : Empty
  Entry 120 (offset = 00002f40)
  Bitmap State : Empty
  Entry 121 (offset = 00002f60)
  Bitmap State : Empty
  Entry 122 (offset = 00002f80)
  Bitmap State : Empty
  Entry 123 (offset = 00002fa0)
  Bitmap State : Empty
  Entry 124 (offset = 00002fc0)
  Bitmap State : Empty
  Entry 125 (offset = 00002fe0)
  Bitmap State : Empty


------------------------------------------------------------------------------

Page 3 ( offset=00003000 )
  page state   : EMPTY (0xff 0xff 0xff 0xff) 
  page seq no. : 4294967295 (0xff 0xff 0xff 0xff) 
  page version : 1 (0xff) 
  crc32 : 0xffffffff (offset=0000301c)
  page entry state bitmap (decoded) : 333333333333333333333333333333333333333333333333333333333333333333333333333333333333333333333333333333333333333333333333333333

  Read entries data ( offset = 00003040 ):
  Entry 0 (offset = 00003040)
  Bitmap State : Empty
  Entry 1 (offset = 00003060)
  Bitmap State : Empty
  Entry 2 (offset = 00003080)
  Bitmap State : Empty
  Entry 3 (offset = 000030a0)
  Bitmap State : Empty
  Entry 4 (offset = 000030c0)
  Bitmap State : Empty
  Entry 5 (offset = 000030e0)
  Bitmap State : Empty
  Entry 6 (offset = 00003100)
  Bitmap State : Empty
  Entry 7 (offset = 00003120)
  Bitmap State : Empty
  Entry 8 (offset = 00003140)
  Bitmap State : Empty
  Entry 9 (offset = 00003160)
  Bitmap State : Empty
  Entry 10 (offset = 00003180)
  Bitmap State : Empty
  Entry 11 (offset = 000031a0)
  Bitmap State : Empty
  Entry 12 (offset = 000031c0)
  Bitmap State : Empty
  Entry 13 (offset = 000031e0)
  Bitmap State : Empty
  Entry 14 (offset = 00003200)
  Bitmap State : Empty
  Entry 15 (offset = 00003220)
  Bitmap State : Empty
  Entry 16 (offset = 00003240)
  Bitmap State : Empty
  Entry 17 (offset = 00003260)
  Bitmap State : Empty
  Entry 18 (offset = 00003280)
  Bitmap State : Empty
  Entry 19 (offset = 000032a0)
  Bitmap State : Empty
  Entry 20 (offset = 000032c0)
  Bitmap State : Empty
  Entry 21 (offset = 000032e0)
  Bitmap State : Empty
  Entry 22 (offset = 00003300)
  Bitmap State : Empty
  Entry 23 (offset = 00003320)
  Bitmap State : Empty
  Entry 24 (offset = 00003340)
  Bitmap State : Empty
  Entry 25 (offset = 00003360)
  Bitmap State : Empty
  Entry 26 (offset = 00003380)
  Bitmap State : Empty
  Entry 27 (offset = 000033a0)
  Bitmap State : Empty
  Entry 28 (offset = 000033c0)
  Bitmap State : Empty
  Entry 29 (offset = 000033e0)
  Bitmap State : Empty
  Entry 30 (offset = 00003400)
  Bitmap State : Empty
  Entry 31 (offset = 00003420)
  Bitmap State : Empty
  Entry 32 (offset = 00003440)
  Bitmap State : Empty
  Entry 33 (offset = 00003460)
  Bitmap State : Empty
  Entry 34 (offset = 00003480)
  Bitmap State : Empty
  Entry 35 (offset = 000034a0)
  Bitmap State : Empty
  Entry 36 (offset = 000034c0)
  Bitmap State : Empty
  Entry 37 (offset = 000034e0)
  Bitmap State : Empty
  Entry 38 (offset = 00003500)
  Bitmap State : Empty
  Entry 39 (offset = 00003520)
  Bitmap State : Empty
  Entry 40 (offset = 00003540)
  Bitmap State : Empty
  Entry 41 (offset = 00003560)
  Bitmap State : Empty
  Entry 42 (offset = 00003580)
  Bitmap State : Empty
  Entry 43 (offset = 000035a0)
  Bitmap State : Empty
  Entry 44 (offset = 000035c0)
  Bitmap State : Empty
  Entry 45 (offset = 000035e0)
  Bitmap State : Empty
  Entry 46 (offset = 00003600)
  Bitmap State : Empty
  Entry 47 (offset = 00003620)
  Bitmap State : Empty
  Entry 48 (offset = 00003640)
  Bitmap State : Empty
  Entry 49 (offset = 00003660)
  Bitmap State : Empty
  Entry 50 (offset = 00003680)
  Bitmap State : Empty
  Entry 51 (offset = 000036a0)
  Bitmap State : Empty
  Entry 52 (offset = 000036c0)
  Bitmap State : Empty
  Entry 53 (offset = 000036e0)
  Bitmap State : Empty
  Entry 54 (offset = 00003700)
  Bitmap State : Empty
  Entry 55 (offset = 00003720)
  Bitmap State : Empty
  Entry 56 (offset = 00003740)
  Bitmap State : Empty
  Entry 57 (offset = 00003760)
  Bitmap State : Empty
  Entry 58 (offset = 00003780)
  Bitmap State : Empty
  Entry 59 (offset = 000037a0)
  Bitmap State : Empty
  Entry 60 (offset = 000037c0)
  Bitmap State : Empty
  Entry 61 (offset = 000037e0)
  Bitmap State : Empty
  Entry 62 (offset = 00003800)
  Bitmap State : Empty
  Entry 63 (offset = 00003820)
  Bitmap State : Empty
  Entry 64 (offset = 00003840)
  Bitmap State : Empty
  Entry 65 (offset = 00003860)
  Bitmap State : Empty
  Entry 66 (offset = 00003880)
  Bitmap State : Empty
  Entry 67 (offset = 000038a0)
  Bitmap State : Empty
  Entry 68 (offset = 000038c0)
  Bitmap State : Empty
  Entry 69 (offset = 000038e0)
  Bitmap State : Empty
  Entry 70 (offset = 00003900)
  Bitmap State : Empty
  Entry 71 (offset = 00003920)
  Bitmap State : Empty
  Entry 72 (offset = 00003940)
  Bitmap State : Empty
  Entry 73 (offset = 00003960)
  Bitmap State : Empty
  Entry 74 (offset = 00003980)
  Bitmap State : Empty
  Entry 75 (offset = 000039a0)
  Bitmap State : Empty
  Entry 76 (offset = 000039c0)
  Bitmap State : Empty
  Entry 77 (offset = 000039e0)
  Bitmap State : Empty
  Entry 78 (offset = 00003a00)
  Bitmap State : Empty
  Entry 79 (offset = 00003a20)
  Bitmap State : Empty
  Entry 80 (offset = 00003a40)
  Bitmap State : Empty
  Entry 81 (offset = 00003a60)
  Bitmap State : Empty
  Entry 82 (offset = 00003a80)
  Bitmap State : Empty
  Entry 83 (offset = 00003aa0)
  Bitmap State : Empty
  Entry 84 (offset = 00003ac0)
  Bitmap State : Empty
  Entry 85 (offset = 00003ae0)
  Bitmap State : Empty
  Entry 86 (offset = 00003b00)
  Bitmap State : Empty
  Entry 87 (offset = 00003b20)
  Bitmap State : Empty
  Entry 88 (offset = 00003b40)
  Bitmap State : Empty
  Entry 89 (offset = 00003b60)
  Bitmap State : Empty
  Entry 90 (offset = 00003b80)
  Bitmap State : Empty
  Entry 91 (offset = 00003ba0)
  Bitmap State : Empty
  Entry 92 (offset = 00003bc0)
  Bitmap State : Empty
  Entry 93 (offset = 00003be0)
  Bitmap State : Empty
  Entry 94 (offset = 00003c00)
  Bitmap State : Empty
  Entry 95 (offset = 00003c20)
  Bitmap State : Empty
  Entry 96 (offset = 00003c40)
  Bitmap State : Empty
  Entry 97 (offset = 00003c60)
  Bitmap State : Empty
  Entry 98 (offset = 00003c80)
  Bitmap State : Empty
  Entry 99 (offset = 00003ca0)
  Bitmap State : Empty
  Entry 100 (offset = 00003cc0)
  Bitmap State : Empty
  Entry 101 (offset = 00003ce0)
  Bitmap State : Empty
  Entry 102 (offset = 00003d00)
  Bitmap State : Empty
  Entry 103 (offset = 00003d20)
  Bitmap State : Empty
  Entry 104 (offset = 00003d40)
  Bitmap State : Empty
  Entry 105 (offset = 00003d60)
  Bitmap State : Empty
  Entry 106 (offset = 00003d80)
  Bitmap State : Empty
  Entry 107 (offset = 00003da0)
  Bitmap State : Empty
  Entry 108 (offset = 00003dc0)
  Bitmap State : Empty
  Entry 109 (offset = 00003de0)
  Bitmap State : Empty
  Entry 110 (offset = 00003e00)
  Bitmap State : Empty
  Entry 111 (offset = 00003e20)
  Bitmap State : Empty
  Entry 112 (offset = 00003e40)
  Bitmap State : Empty
  Entry 113 (offset = 00003e60)
  Bitmap State : Empty
  Entry 114 (offset = 00003e80)
  Bitmap State : Empty
  Entry 115 (offset = 00003ea0)
  Bitmap State : Empty
  Entry 116 (offset = 00003ec0)
  Bitmap State : Empty
  Entry 117 (offset = 00003ee0)
  Bitmap State : Empty
  Entry 118 (offset = 00003f00)
  Bitmap State : Empty
  Entry 119 (offset = 00003f20)
  Bitmap State : Empty
  Entry 120 (offset = 00003f40)
  Bitmap State : Empty
  Entry 121 (offset = 00003f60)
  Bitmap State : Empty
  Entry 122 (offset = 00003f80)
  Bitmap State : Empty
  Entry 123 (offset = 00003fa0)
  Bitmap State : Empty
  Entry 124 (offset = 00003fc0)
  Bitmap State : Empty
  Entry 125 (offset = 00003fe0)
  Bitmap State : Empty


------------------------------------------------------------------------------


